TrajBuf_test= [0
0.993708
-5.19457
-12.3792
-16.9687
-17.2011
-12.7948
-4.53238
6.15533
17.5586
27.9871
35.9897
40.4958
40.8871
37.0096
29.1403
17.9189
4.26019
-10.7453
-25.931
-40.1475
-52.3447
-61.6377
-67.3555
-69.0714
-66.6159
-60.0727
-49.7614
-36.2077
-20.1054
-2.27191
16.3985
34.9831
52.5762
68.3316
81.4995
91.4566
97.7289
100.008
98.1555
92.2085
82.367
68.9845
52.5479
33.6559
12.9933
-8.69682
-30.6413
-52.0648
-72.2174
-90.3989
-105.982
-118.43
-127.314
-132.323
-133.269
-130.094
-122.868
-111.781
-97.1379
-79.3458
-58.901
-36.3717
-12.3818
12.4086
37.3213
61.6795
84.8252
106.137
125.045
141.046
153.714
162.708
167.785
168.797
165.697
158.539
147.475
132.746
114.68
93.6808
70.2161
44.809
18.0232
-9.54967
-37.3033
-64.6303
-90.9356
-115.649
-138.236
-158.212
-175.145
-188.673
-198.501
-204.415
-206.279
-204.037
-197.718
-187.431
-173.359
-155.761
-134.962
-111.345
-85.3476
-57.4483
-28.1601
1.98058
32.4235
62.6153
92.0089
120.074
146.305
170.232
191.427
209.51
224.157
235.105
242.155
245.172
244.094
238.924
229.735
216.666
199.919
179.755
156.489
130.486
102.153
71.9341
40.2993
7.74113
-25.2355
-58.1207
-90.4076
-121.6
-151.22
-178.814
-203.962
-226.281
-245.43
-261.117
-273.103
-281.201
-285.283
-285.279
-281.178
-273.027
-260.931
-245.051
-225.601
-202.841
-177.082
-148.67
-117.991
-85.4592
-51.5127
-16.6083
18.7858
54.1959
89.1492
123.18
155.837
186.687
215.321
241.362
264.466
284.327
300.683
313.317
322.06
326.791
327.442
323.995
316.484
304.993
289.655
270.65
248.203
222.58
194.084
163.055
129.86
94.8918
58.5642
21.3057
-16.4451
-54.2445
-91.6495
-128.222
-163.536
-197.18
-228.761
-257.914
-284.299
-307.612
-327.58
-343.972
-356.596
-365.304
-369.99
-370.594
-367.102
-359.543
-347.994
-332.572
-313.438
-290.793
-264.875
-235.957
-204.343
-170.367
-134.385
-96.7757
-57.9338
-18.2657
21.8138
61.8866
101.535
140.348
177.921
213.867
247.812
279.406
308.324
334.266
356.965
376.187
391.732
403.438
411.182
414.88
414.488
410.004
401.464
388.945
372.563
352.471
328.859
301.947
271.992
239.274
204.104
166.813
127.753
87.2906
45.8066
3.69038
-38.6636
-80.859
-122.502
-163.204
-202.586
-240.282
-275.942
-309.235
-339.852
-367.51
-391.953
-412.954
-430.318
-443.881
-453.518
-459.135
-460.677
-458.122
-451.489
-440.829
-426.231
-407.817
-385.744
-360.199
-331.4
-299.593
-265.05
-228.065
-188.953
-148.049
-105.7
-62.2657
-18.116
26.3754
70.8315
114.877
158.139
200.253
240.865
279.633
316.232
350.353
381.711
410.043
435.111
456.704
474.641
488.769
498.97
505.153
507.265
505.282
499.215
489.107
475.035
457.105
435.456
410.255
381.699
350.008
315.43
278.232
238.705
197.155
153.905
109.289
63.6541
17.3522
-29.2587
-75.8191
-121.97
-167.357
-211.63
-254.45
-295.489
-334.431
-370.979
-404.853
-435.795
-463.566
-487.956
-508.776
-525.867
-539.096
-548.361
-553.589
-554.735
-551.786
-544.76
-533.702
-518.69
-499.829
-477.252
-451.12
-421.617
-388.954
-353.365
-315.102
-274.438
-231.662
-187.08
-141.007
-93.7716
-45.708
2.84309
51.5379
100.032
147.983
195.053
240.91
285.231
327.704
368.032
405.93
441.133
473.393
502.485
528.204
550.368
568.823
583.438
594.107
600.755
603.331
601.814
596.21
586.552
572.901
555.345
533.998
509
480.513
448.726
413.846
376.102
335.743
293.034
248.253
201.696
153.667
104.48
54.4571
3.92483
-46.7869
-97.3476
-147.428
-196.702
-244.85
-291.558
-336.524
-379.457
-420.078
-458.124
-493.348
-525.524
-554.442
-579.915
-601.779
-619.89
-634.13
-644.406
-650.649
-652.815
-650.888
-644.876
-634.811
-620.754
-602.787
-581.019
-555.582
-526.63
-494.338
-458.903
-420.54
-379.482
-335.979
-290.296
-242.71
-193.509
-142.992
-91.4643
-39.239
13.3687
66.0406
118.459
170.308
221.274
271.051
319.34
365.85
410.301
452.428
491.976
528.71
562.408
592.868
619.908
643.365
663.097
678.986
690.935
698.87
702.742
702.524
698.214
689.833
677.427
661.064
640.834
616.853
589.254
558.193
523.847
486.408
446.088
403.116
357.735
310.2
260.781
209.756
157.413
104.047
49.9585
-4.54822
-59.1667
-113.59
-167.513
-220.633
-272.652
-323.279
-372.232
-419.235
-464.027
-506.357
-545.99
-582.703
-616.292
-646.569
-673.365
-696.53
-715.934
-731.468
-743.044
-750.596
-754.078
-753.47
-748.771
-740.002
-727.21
-710.458
-689.835
-665.449
-637.427
-605.917
-571.086
-533.117
-492.21
-448.582
-402.462
-354.094
-303.734
-251.646
-198.105
-143.392
-87.7963
-31.609
24.8744
81.3576
137.544
193.14
247.854
301.399
353.496
403.873
452.266
498.422
542.102
583.077
621.133
656.072
687.712
715.888
740.452
761.276
778.25
791.285
800.311
805.279
806.162
802.951
795.659
784.322
768.993
749.746
726.677
699.897
669.54
635.755
598.709
558.585
515.582
469.911
421.8
371.486
319.217
265.251
209.855
153.301
95.8694
37.8419
-20.4956
-78.8562
-136.953
-194.501
-251.217
-306.824
-361.049
-413.626
-464.297
-512.816
-558.944
-602.457
-643.14
-680.797
-715.241
-746.306
-773.839
-797.704
-817.785
-833.984
-846.218
-854.428
-858.571
-858.625
-854.586
-846.471
-834.316
-818.177
-798.125
-774.255
-746.676
-715.516
-680.92
-643.048
-602.076
-558.194
-511.607
-462.531
-411.193
-357.833
-302.697
-246.042
-188.13
-129.229
-69.6124
-9.5558
50.6631
110.766
170.475
229.516
287.615
344.504
399.923
453.615
505.333
554.84
601.908
646.321
687.874
726.376
761.651
793.537
821.886
846.568
867.469
884.492
897.559
906.606
911.593
912.492
909.298
902.023
890.696
875.366
856.099
832.977
806.102
775.591
741.577
704.209
663.651
620.079
573.686
524.673
473.256
419.66
364.118
306.875
248.18
188.289
127.464
65.9709
4.07715
-57.9472
-119.832
-181.308
-242.108
-301.967
-360.625
-417.827
-473.326
-526.88
-578.257
-627.235
-673.6
-717.153
-757.704
-795.078
-829.113
-859.661
-886.589
-909.781
-929.135
-944.566
-956.007
-963.407
-966.732
-965.965
-961.107
-952.177
-939.209
-922.257
-901.389
-876.691
-848.264
-816.226
-780.709
-741.859
-699.838
-654.819
-606.989
-556.545
-503.697
-448.661
-391.667
-332.949
-272.751
-211.32
-148.91
-85.7785
-22.1856
41.6067
105.336
168.74
231.557
293.531
354.405
413.93
471.863
527.964
582.005
633.764
683.028
729.597
773.278
813.894
851.277
885.275
915.749
942.572
965.636
984.844
1000.12
1011.39
1018.62
1021.77
1020.83
1015.8
1006.7
993.561
976.432
955.381
930.491
901.857
869.591
833.82
794.685
752.337
706.943
658.682
607.741
554.321
498.63
440.887
381.318
320.156
257.641
194.015
129.529
64.4333
-1.01725
-66.5675
-131.962
-196.945
-261.265
-324.671
-386.915
-447.757
-506.959
-564.292
-619.532
-672.465
-722.887
-770.6
-815.42
-857.173
-895.698
-930.843
-962.473
-990.465
-1014.71
-1035.11
-1051.59
-1064.09
-1072.55
-1076.94
-1077.23
-1073.44
-1065.57
-1053.64
-1037.7
-1017.82
-994.053
-966.498
-935.255
-900.44
-862.182
-820.623
-775.919
-728.234
-677.747
-624.645
-569.125
-511.395
-451.668
-390.167
-327.119
-262.759
-197.326
-131.062
-64.2132
2.97321
70.2482
137.363
204.069
270.119
335.27
399.281
461.915
522.942
582.136
639.278
694.159
746.575
796.334
843.252
887.157
927.886
965.29
999.231
1029.58
1056.23
1079.09
1098.05
1113.06
1124.07
1131.01
1133.88
1132.66
1127.34
1117.96
1104.53
1087.11
1065.75
1040.54
1011.55
978.902
942.697
903.067
860.152
814.104
765.087
713.272
658.844
601.994
542.925
481.844
418.968
354.518
288.723
221.814
154.027
85.6017
16.779
-52.1987
